2 5
50
744 992 127 772 412 535 436 89 726 909 826 732 889 374 308 24 597 53 252 36 808 702 835 468 103 865 467 416 966 715 498 415 300 93 402 372 854 806 715 203 581 944 466 648 948 319 244 444 422 370
5
8 48 16 4 9 36 37 43 34
5 1 14 40 22 16
7 50 6 26 25 21 14 10
10 45 21 23 34 49 22 2 16 6 5
3 21 39 40
0 104 22 122 13 196 30 18 5 56 163 68 66 108 181 187 126 181 51 56 26 14 18 154 41 119 185 117 111 131 19 92 131 88 57 84 55 23 3 148 122 22 160 145 7 30 95 6 19 194 
104 0 116 51 9 80 47 170 140 66 184 131 70 105 114 140 199 71 22 159 131 39 191 185 10 4 121 113 8 40 21 73 174 4 70 25 65 169 74 3 91 81 2 154 169 112 169 180 96 177 
22 116 0 123 194 93 15 78 16 113 106 14 69 190 193 22 27 78 42 78 136 151 33 152 98 172 171 24 183 94 7 124 74 95 18 115 8 125 142 149 77 106 117 15 105 182 15 195 160 41 
122 51 123 0 27 70 163 155 198 153 190 19 105 126 41 61 70 176 10 25 183 23 96 102 116 173 99 24 124 60 26 159 161 84 73 164 142 74 106 151 189 193 98 173 41 54 50 64 174 178 
13 9 194 27 0 72 173 112 153 172 200 98 110 80 62 125 182 168 197 51 91 123 145 40 114 21 140 27 131 136 197 119 29 166 108 112 96 88 168 81 141 46 21 15 196 107 52 118 27 167 
196 80 93 70 72 0 169 151 2 51 139 50 100 187 77 47 112 171 140 140 29 51 99 24 175 182 96 148 110 30 194 83 9 113 115 101 111 2 30 134 78 65 21 45 34 156 69 72 102 68 
30 47 15 163 173 169 0 141 136 133 13 166 127 41 84 88 30 169 22 13 193 7 124 132 66 20 62 200 83 133 76 144 196 116 111 126 98 197 118 9 159 118 134 114 48 143 192 66 44 185 
18 170 78 155 112 151 141 0 173 51 56 72 108 49 103 130 22 137 32 5 35 48 176 149 176 41 14 183 137 15 90 82 57 120 24 116 23 124 181 60 160 32 134 15 43 132 92 182 8 31 
5 140 16 198 153 2 136 173 0 156 81 90 149 45 22 111 127 156 30 128 60 129 95 12 52 184 50 36 168 82 56 103 11 79 198 177 3 35 110 167 63 165 12 27 9 92 127 46 153 195 
56 66 113 153 172 51 133 51 156 0 30 39 124 194 179 127 103 153 157 23 179 29 29 5 85 117 155 150 31 185 119 9 128 85 33 62 158 90 146 121 194 25 165 42 79 163 80 148 59 80 
163 184 106 190 200 139 13 56 81 30 0 199 131 88 154 36 197 55 68 91 107 101 133 47 142 36 131 134 74 82 145 129 90 26 0 151 29 30 55 173 83 143 176 75 138 95 128 77 10 34 
68 131 14 19 98 50 166 72 90 39 199 0 142 90 26 25 161 181 150 180 116 40 58 83 43 137 14 121 48 74 135 185 185 96 2 171 59 161 139 182 134 93 134 90 138 168 111 68 70 31 
66 70 69 105 110 100 127 108 149 124 131 142 0 9 174 186 10 12 197 13 160 186 109 162 188 189 150 4 74 75 100 4 143 23 190 136 120 28 152 190 177 177 34 108 120 112 39 149 105 41 
108 105 190 126 80 187 41 49 45 194 88 90 9 0 3 181 61 82 170 93 41 106 114 195 54 66 121 50 168 21 81 8 169 189 175 131 153 154 180 149 105 155 72 135 94 43 56 30 192 79 
181 114 193 41 62 77 84 103 22 179 154 26 174 3 0 3 78 80 141 197 5 176 120 38 162 186 111 113 110 146 130 116 166 41 150 78 181 179 44 138 12 166 152 102 91 110 182 71 96 20 
187 140 22 61 125 47 88 130 111 127 36 25 186 181 3 0 187 61 71 3 177 83 85 37 129 115 93 128 194 158 134 102 140 42 104 180 34 199 47 103 54 30 92 4 108 87 10 145 67 148 
126 199 27 70 182 112 30 22 127 103 197 161 10 61 78 187 0 62 27 167 175 164 26 124 38 122 8 4 192 128 7 136 113 186 26 160 70 154 142 184 28 59 190 5 35 174 96 6 152 139 
181 71 78 176 168 171 169 137 156 153 55 181 12 82 80 61 62 0 116 57 33 96 37 56 103 149 131 53 173 148 184 147 167 60 5 1 189 168 108 169 100 192 177 159 8 136 57 139 161 181 
51 22 42 10 197 140 22 32 30 157 68 150 197 170 141 71 27 116 0 198 101 52 47 114 37 5 115 59 170 131 61 46 184 50 153 64 112 179 66 56 136 145 94 186 104 170 185 82 68 120 
56 159 78 25 51 140 13 5 128 23 91 180 13 93 197 3 167 57 198 0 40 144 179 168 64 97 188 157 173 164 152 190 163 48 155 172 159 7 194 166 24 48 46 170 174 28 190 7 177 125 
26 131 136 183 91 29 193 35 60 179 107 116 160 41 5 177 175 33 101 40 0 20 175 61 120 110 58 32 110 93 9 189 91 54 39 82 35 104 101 78 192 40 105 172 67 107 164 98 14 95 
14 39 151 23 123 51 7 48 129 29 101 40 186 106 176 83 164 96 52 144 20 0 18 76 159 3 113 194 131 88 56 11 16 144 63 75 41 153 168 58 9 98 69 120 150 30 20 80 90 31 
18 191 33 96 145 99 124 176 95 29 133 58 109 114 120 85 26 37 47 179 175 18 0 137 34 128 14 6 195 7 149 19 8 88 23 35 80 9 4 186 12 116 127 162 50 83 89 176 140 125 
154 185 152 102 40 24 132 149 12 5 47 83 162 195 38 37 124 56 114 168 61 76 137 0 29 161 193 84 66 121 10 0 200 161 94 171 91 131 170 104 125 170 62 154 77 151 58 167 127 14 
41 10 98 116 114 175 66 176 52 85 142 43 188 54 162 129 38 103 37 64 120 159 34 29 0 70 135 160 35 36 53 3 132 16 120 108 135 195 195 35 108 79 47 49 2 112 186 120 90 150 
119 4 172 173 21 182 20 41 184 117 36 137 189 66 186 115 122 149 5 97 110 3 128 161 70 0 71 124 146 139 114 180 41 193 23 173 175 10 72 119 42 188 93 106 12 102 32 19 84 160 
185 121 171 99 140 96 62 14 50 155 131 14 150 121 111 93 8 131 115 188 58 113 14 193 135 71 0 176 158 151 186 73 118 66 86 150 138 148 69 198 111 21 10 198 117 184 139 32 176 179 
117 113 24 24 27 148 200 183 36 150 134 121 4 50 113 128 4 53 59 157 32 194 6 84 160 124 176 0 71 61 87 95 125 146 134 31 142 9 191 29 140 108 193 142 43 37 110 76 80 137 
111 8 183 124 131 110 83 137 168 31 74 48 74 168 110 194 192 173 170 173 110 131 195 66 35 146 158 71 0 171 29 56 94 168 0 74 30 101 113 10 91 154 116 139 190 174 30 134 0 82 
131 40 94 60 136 30 133 15 82 185 82 74 75 21 146 158 128 148 131 164 93 88 7 121 36 139 151 61 171 0 177 86 6 153 81 141 12 192 197 162 38 14 119 125 93 145 106 89 100 165 
19 21 7 26 197 194 76 90 56 119 145 135 100 81 130 134 7 184 61 152 9 56 149 10 53 114 186 87 29 177 0 43 54 145 194 175 73 133 6 102 6 132 193 61 92 38 2 130 185 31 
92 73 124 159 119 83 144 82 103 9 129 185 4 8 116 102 136 147 46 190 189 11 19 0 3 180 73 95 56 86 43 0 112 0 44 81 101 135 195 51 43 131 62 38 45 174 60 97 164 48 
131 174 74 161 29 9 196 57 11 128 90 185 143 169 166 140 113 167 184 163 91 16 8 200 132 41 118 125 94 6 54 112 0 95 63 146 13 76 68 194 28 46 148 84 101 187 61 189 145 160 
88 4 95 84 166 113 116 120 79 85 26 96 23 189 41 42 186 60 50 48 54 144 88 161 16 193 66 146 168 153 145 0 95 0 58 180 132 135 69 123 82 63 199 112 154 123 122 91 76 169 
57 70 18 73 108 115 111 24 198 33 0 2 190 175 150 104 26 5 153 155 39 63 23 94 120 23 86 134 0 81 194 44 63 58 0 196 60 35 184 5 194 1 107 91 191 99 95 15 13 151 
84 25 115 164 112 101 126 116 177 62 151 171 136 131 78 180 160 1 64 172 82 75 35 171 108 173 150 31 74 141 175 81 146 180 196 0 152 130 28 173 116 138 82 58 77 4 66 151 74 90 
55 65 8 142 96 111 98 23 3 158 29 59 120 153 181 34 70 189 112 159 35 41 80 91 135 175 138 142 30 12 73 101 13 132 60 152 0 120 80 158 169 29 154 57 54 192 49 106 175 40 
23 169 125 74 88 2 197 124 35 90 30 161 28 154 179 199 154 168 179 7 104 153 9 131 195 10 148 9 101 192 133 135 76 135 35 130 120 0 75 139 138 61 82 188 194 172 117 93 43 114 
3 74 142 106 168 30 118 181 110 146 55 139 152 180 44 47 142 108 66 194 101 168 4 170 195 72 69 191 113 197 6 195 68 69 184 28 80 75 0 170 146 59 138 100 8 15 102 132 104 165 
148 3 149 151 81 134 9 60 167 121 173 182 190 149 138 103 184 169 56 166 78 58 186 104 35 119 198 29 10 162 102 51 194 123 5 173 158 139 170 0 29 85 143 71 190 125 175 36 2 109 
122 91 77 189 141 78 159 160 63 194 83 134 177 105 12 54 28 100 136 24 192 9 12 125 108 42 111 140 91 38 6 43 28 82 194 116 169 138 146 29 0 32 106 159 80 18 150 119 74 50 
22 81 106 193 46 65 118 32 165 25 143 93 177 155 166 30 59 192 145 48 40 98 116 170 79 188 21 108 154 14 132 131 46 63 1 138 29 61 59 85 32 0 71 146 81 70 166 26 184 198 
160 2 117 98 21 21 134 134 12 165 176 134 34 72 152 92 190 177 94 46 105 69 127 62 47 93 10 193 116 119 193 62 148 199 107 82 154 82 138 143 106 71 0 90 82 47 140 73 134 132 
145 154 15 173 15 45 114 15 27 42 75 90 108 135 102 4 5 159 186 170 172 120 162 154 49 106 198 142 139 125 61 38 84 112 91 58 57 188 100 71 159 146 90 0 74 3 46 139 32 71 
7 169 105 41 196 34 48 43 9 79 138 138 120 94 91 108 35 8 104 174 67 150 50 77 2 12 117 43 190 93 92 45 101 154 191 77 54 194 8 190 80 81 82 74 0 37 136 26 195 104 
30 112 182 54 107 156 143 132 92 163 95 168 112 43 110 87 174 136 170 28 107 30 83 151 112 102 184 37 174 145 38 174 187 123 99 4 192 172 15 125 18 70 47 3 37 0 62 135 170 133 
95 169 15 50 52 69 192 92 127 80 128 111 39 56 182 10 96 57 185 190 164 20 89 58 186 32 139 110 30 106 2 60 61 122 95 66 49 117 102 175 150 166 140 46 136 62 0 58 82 127 
6 180 195 64 118 72 66 182 46 148 77 68 149 30 71 145 6 139 82 7 98 80 176 167 120 19 32 76 134 89 130 97 189 91 15 151 106 93 132 36 119 26 73 139 26 135 58 0 181 195 
19 96 160 174 27 102 44 8 153 59 10 70 105 192 96 67 152 161 68 177 14 90 140 127 90 84 176 80 0 100 185 164 145 76 13 74 175 43 104 2 74 184 134 32 195 170 82 181 0 161 
194 177 41 178 167 68 185 31 195 80 34 31 41 79 20 148 139 181 120 125 95 31 125 14 150 160 179 137 82 165 31 48 160 169 151 90 40 114 165 109 50 198 132 71 104 133 127 195 161 0 
