2 6
100
7 572 923 831 733 712 503 511 614 339 629 989 347 38 960 703 467 702 710 156 670 967 981 361 283 350 483 276 710 785 735 45 965 276 464 882 512 796 550 157 189 280 101 684 553 793 128 923 271 691 870 337 956 529 946 841 759 451 554 348 97 95 818 390 764 799 682 588 227 92 340 525 601 285 545 13 343 843 98 947 784 849 553 71 631 191 714 284 632 120 589 143 991 224 751 332 376 368 309 812
7
3 42 67 77
1 75
0
4 97 48 37 84
1 56
1 49
3 90 13 95
0 86 48 125 17 105 182 198 28 23 157 53 96 60 18 98 116 94 170 105 66 114 61 49 121 168 140 44 140 189 159 79 66 74 72 3 85 166 12 137 124 10 25 63 129 183 174 120 144 10 134 94 101 181 71 177 91 26 169 160 51 53 144 105 31 69 25 147 57 125 44 57 170 98 82 103 153 47 194 31 17 82 73 8 21 9 35 182 179 24 42 82 190 166 116 113 73 42 125 56 
86 0 172 173 116 58 124 75 109 167 72 128 151 163 41 93 155 75 13 148 88 27 116 151 72 3 101 154 121 7 94 111 187 24 198 1 111 74 140 52 59 116 15 26 71 126 100 171 63 59 171 186 154 143 160 198 58 157 11 128 31 165 149 132 43 140 112 92 112 198 54 123 175 174 106 55 25 73 115 90 168 155 10 62 57 52 97 31 63 73 31 125 174 154 100 113 145 93 96 191 
48 172 0 67 139 67 96 60 107 29 99 171 40 7 143 180 103 45 87 97 121 174 58 20 197 197 63 29 140 146 69 145 29 150 121 0 131 126 1 103 198 12 115 23 78 170 26 23 159 70 195 27 28 109 76 54 158 97 40 10 196 119 108 36 71 109 137 51 12 130 147 40 58 138 59 66 129 59 109 94 73 196 35 91 134 68 160 121 168 160 153 0 174 92 82 152 184 136 152 87 
125 173 67 0 184 159 26 157 58 26 114 172 158 134 130 144 147 39 34 200 5 179 107 92 96 130 44 149 153 16 113 169 108 157 129 75 127 184 49 190 122 149 187 154 137 87 91 183 47 111 52 172 143 53 126 55 126 84 6 15 89 177 188 41 15 83 5 9 120 200 185 12 65 148 155 18 31 70 24 79 30 129 101 6 96 65 104 13 185 87 13 46 177 63 16 56 123 9 67 200 
17 116 139 184 0 146 174 17 157 45 40 33 142 194 80 122 198 101 69 2 152 151 155 80 25 70 173 105 90 64 182 93 95 19 183 29 186 1 33 20 58 49 6 117 95 152 73 7 122 15 199 39 11 178 84 107 168 9 91 156 0 27 51 134 70 136 181 52 60 162 7 45 131 5 127 106 164 1 14 171 143 157 84 133 122 138 116 56 69 80 156 176 13 142 70 114 16 73 12 187 
105 58 67 159 146 0 68 155 128 40 97 91 146 88 96 69 145 121 176 79 24 163 140 118 153 157 113 188 119 142 61 75 22 91 182 113 87 171 119 104 35 192 97 121 81 161 109 90 57 128 79 22 66 156 49 99 67 154 16 89 157 89 150 8 34 171 177 70 15 24 20 176 30 58 22 94 55 30 61 172 110 158 190 52 27 155 70 141 25 175 20 46 130 177 56 3 180 3 107 83 
182 124 96 26 174 68 0 114 78 115 1 175 133 184 94 184 142 95 26 41 125 58 63 63 33 82 192 148 127 76 169 22 165 107 184 91 198 55 142 192 21 78 79 60 165 90 55 139 57 11 53 169 67 38 177 173 54 159 156 115 10 166 36 73 147 40 68 168 94 112 125 150 143 58 18 172 3 129 121 113 159 182 194 99 67 71 125 31 154 75 150 108 98 63 82 34 103 194 190 108 
198 75 60 157 17 155 114 0 94 67 101 5 52 184 137 128 178 84 67 198 106 65 183 45 40 1 190 55 12 105 105 48 133 8 189 168 21 158 45 14 195 3 23 97 147 105 52 184 175 102 71 104 156 153 99 25 87 183 20 25 155 181 88 102 55 39 106 41 57 99 195 116 185 45 177 37 184 82 9 55 8 82 139 50 47 149 138 177 99 194 62 63 42 75 121 25 66 195 99 40 
28 109 107 58 157 128 78 94 0 36 45 15 25 74 64 37 25 114 166 139 40 47 191 101 10 193 87 31 128 160 0 113 135 199 155 50 133 69 57 146 100 69 123 191 191 83 109 87 197 125 113 39 154 198 124 178 50 177 39 107 120 16 129 181 46 98 194 139 172 22 16 122 196 111 105 120 80 193 191 179 104 123 21 87 79 63 40 91 52 151 157 200 51 126 63 128 53 104 13 88 
23 167 29 26 45 40 115 67 36 0 4 162 142 171 158 106 174 33 48 84 110 18 183 184 57 160 1 179 182 48 14 167 25 97 153 111 176 95 162 63 76 6 174 102 74 43 118 43 30 173 99 55 70 183 102 56 29 116 116 22 74 55 132 116 68 174 61 142 191 99 87 31 63 142 157 154 183 169 140 140 26 182 178 46 130 138 49 105 145 30 94 41 59 46 1 132 164 91 39 168 
157 72 99 114 40 97 1 101 45 4 0 120 4 150 43 45 21 104 125 188 120 183 139 73 143 54 129 86 170 174 75 173 103 174 62 27 142 178 122 102 115 65 108 119 38 107 28 183 129 142 58 62 71 97 75 119 75 44 12 200 175 137 118 120 98 146 145 128 88 177 116 51 52 14 31 106 67 172 64 66 132 140 44 102 113 39 26 141 95 100 162 189 93 22 1 89 33 147 132 163 
53 128 171 172 33 91 175 5 15 162 120 0 166 107 22 9 141 174 110 186 178 139 4 168 102 118 114 62 108 33 3 177 144 132 127 171 120 68 197 117 15 75 69 168 164 133 163 99 175 197 128 127 167 149 72 76 197 63 148 64 153 32 82 156 144 3 122 188 64 40 137 84 60 61 173 47 127 174 98 26 107 72 44 84 5 185 62 37 171 4 107 25 187 145 135 127 103 9 65 163 
96 151 40 158 142 146 133 52 25 142 4 166 0 109 22 139 120 157 85 147 37 61 50 49 103 157 159 5 51 140 88 89 30 69 166 193 95 192 159 71 62 185 64 20 134 107 189 172 145 66 134 136 106 165 175 97 113 84 47 99 192 96 121 184 58 22 190 192 14 195 54 48 188 63 59 80 78 192 35 33 191 3 102 87 100 125 27 16 10 171 112 189 161 124 16 59 64 48 195 138 
60 163 7 134 194 88 184 184 74 171 150 107 109 0 149 117 146 77 154 162 200 3 172 75 154 104 160 56 23 20 71 180 21 106 68 84 114 9 14 71 88 172 17 63 49 121 77 54 190 177 183 151 148 87 156 188 197 30 131 57 179 112 52 8 26 18 185 67 193 189 196 8 44 141 38 116 76 117 121 139 56 65 54 47 192 70 181 80 185 51 34 96 73 134 34 190 160 179 160 165 
18 41 143 130 80 96 94 137 64 158 43 22 22 149 0 48 185 76 187 41 32 91 133 25 6 195 109 49 162 10 30 66 46 38 18 16 36 181 166 146 35 79 133 2 101 139 122 111 42 112 138 175 158 157 61 165 142 77 96 30 171 75 4 86 160 10 63 166 37 141 90 21 60 171 23 89 96 12 26 30 8 22 197 21 15 148 44 196 95 22 192 59 61 73 158 107 102 73 112 25 
98 93 180 144 122 69 184 128 37 106 45 9 139 117 48 0 60 144 196 90 192 153 43 189 129 22 148 143 19 39 94 35 159 130 108 46 148 156 12 173 133 180 164 101 106 184 32 97 119 72 71 97 188 140 116 35 189 150 140 37 142 64 31 47 59 1 140 102 199 17 162 193 60 189 104 23 160 118 148 148 26 136 25 47 75 66 47 25 149 111 189 84 151 161 114 33 186 50 27 8 
116 155 103 147 198 145 142 178 25 174 21 141 120 146 185 60 0 127 11 121 161 68 35 173 88 59 179 119 63 143 169 155 32 10 87 132 61 21 197 111 135 52 165 193 137 57 164 155 116 129 159 200 77 5 175 89 67 67 113 134 2 122 123 167 144 149 38 140 42 66 98 149 23 105 31 44 16 161 54 90 81 187 32 9 0 35 162 54 53 97 181 122 126 154 115 78 167 194 116 89 
94 75 45 39 101 121 95 84 114 33 104 174 157 77 76 144 127 0 164 69 67 29 94 191 104 92 95 1 60 112 113 73 53 167 132 49 37 103 199 21 90 157 22 184 50 74 111 46 98 56 15 104 35 12 170 159 167 147 175 181 173 26 51 79 48 162 62 53 120 68 15 175 160 5 128 39 0 55 131 171 7 2 51 117 39 189 71 192 120 85 126 189 99 149 44 99 72 55 121 131 
170 13 87 34 69 176 26 67 166 48 125 110 85 154 187 196 11 164 0 72 93 122 188 100 133 162 130 23 46 165 63 181 32 160 100 174 34 57 196 66 17 163 133 91 141 35 107 187 15 199 14 187 40 110 169 32 124 22 80 78 16 81 95 96 20 95 102 2 153 61 71 97 100 71 113 43 150 134 163 35 115 95 46 112 122 71 57 133 62 77 38 154 54 100 16 146 116 0 77 22 
105 148 97 200 2 79 41 198 139 84 188 186 147 162 41 90 121 69 72 0 141 112 4 194 58 130 60 171 165 22 154 57 51 38 41 163 143 153 113 154 182 12 92 104 100 110 81 167 180 174 111 131 178 31 15 161 117 16 45 31 33 77 67 100 142 0 102 178 100 195 125 76 88 158 186 102 190 24 14 151 8 115 127 49 49 153 200 5 150 181 32 174 117 126 86 111 16 6 157 139 
66 88 121 5 152 24 125 106 40 110 120 178 37 200 32 192 161 67 93 141 0 32 171 24 71 78 112 106 66 20 170 35 25 10 45 68 184 191 145 116 67 18 180 147 98 196 121 140 116 147 141 180 98 107 140 195 135 179 94 16 107 18 79 171 8 18 144 9 180 109 37 162 117 130 90 84 23 58 58 21 193 65 11 72 32 83 188 161 5 171 186 123 68 148 200 19 7 24 149 54 
114 27 174 179 151 163 58 65 47 18 183 139 61 3 91 153 68 29 122 112 32 0 187 195 46 144 13 177 53 22 73 27 160 65 168 68 127 95 117 20 153 111 185 115 153 156 113 66 169 107 14 22 127 39 180 89 166 147 182 1 36 46 101 34 8 60 132 195 52 157 161 183 116 79 200 0 132 197 44 161 187 15 135 130 135 12 114 16 38 68 27 141 175 134 9 60 178 50 184 185 
61 116 58 107 155 140 63 183 191 183 139 4 50 172 133 43 35 94 188 4 171 187 0 106 90 187 135 42 77 49 117 148 99 31 124 73 81 45 11 110 122 45 45 52 66 98 177 125 25 178 181 68 94 187 129 80 101 110 104 134 200 59 148 88 158 84 67 106 9 5 1 157 27 172 120 9 64 28 196 196 200 100 174 185 186 63 186 47 1 84 52 132 55 28 123 35 146 99 84 99 
49 151 20 92 80 118 63 45 101 184 73 168 49 75 25 189 173 191 100 194 24 195 106 0 6 115 119 169 33 93 32 110 178 180 115 126 99 175 115 39 39 131 29 160 185 103 196 130 9 172 167 53 8 144 24 27 162 84 78 34 54 139 56 154 15 47 93 190 18 154 17 110 190 1 105 65 35 177 105 148 127 181 96 110 124 99 63 102 108 73 37 11 97 65 8 99 35 30 32 124 
121 72 197 96 25 153 33 40 10 57 143 102 103 154 6 129 88 104 133 58 71 46 90 6 0 82 199 29 165 39 147 2 56 148 158 38 124 100 170 91 86 161 70 20 165 60 113 112 34 59 83 171 143 44 92 99 85 115 158 63 114 44 88 136 200 150 148 193 126 157 71 78 61 29 138 78 32 120 62 48 189 55 192 194 56 86 48 105 159 26 191 75 63 108 97 157 82 46 45 189 
168 3 197 130 70 157 82 1 193 160 54 118 157 104 195 22 59 92 162 130 78 144 187 115 82 0 90 73 82 45 116 73 13 72 17 47 2 68 155 194 36 71 197 37 116 72 49 36 84 16 177 8 169 196 6 141 35 137 111 199 135 150 155 72 176 121 64 74 105 155 192 40 9 30 48 16 22 63 90 59 73 146 67 91 187 75 164 126 105 162 20 57 126 28 49 38 90 107 42 131 
140 101 63 44 173 113 192 190 87 1 129 114 159 160 109 148 179 95 130 60 112 13 135 119 199 90 0 77 104 41 30 157 133 3 135 141 56 131 152 26 164 70 77 1 81 10 63 36 60 2 81 150 8 152 74 152 14 3 186 23 16 91 140 67 100 180 99 105 13 169 125 161 14 0 122 128 29 105 121 191 58 126 165 154 27 70 162 22 157 113 183 184 127 175 167 79 42 186 16 29 
44 154 29 149 105 188 148 55 31 179 86 62 5 56 49 143 119 1 23 171 106 177 42 169 29 73 77 0 18 48 32 115 140 179 155 165 10 34 71 90 140 183 125 15 66 54 198 62 7 144 127 44 4 76 170 133 81 180 71 162 33 89 9 82 67 36 84 181 164 197 127 148 157 47 48 197 100 182 102 84 142 107 177 19 155 69 178 10 83 181 152 153 6 83 128 9 141 195 4 141 
140 121 140 153 90 119 127 12 128 182 170 108 51 23 162 19 63 60 46 165 66 53 77 33 165 82 104 18 0 173 122 144 37 121 130 87 120 184 44 33 115 39 97 143 168 20 194 62 200 4 90 125 123 117 84 194 45 53 20 58 74 160 133 2 130 53 19 142 8 10 134 21 122 54 104 114 136 5 167 106 146 198 108 114 141 57 150 91 105 37 148 144 2 39 195 54 187 16 151 156 
189 7 146 16 64 142 76 105 160 48 174 33 140 20 10 39 143 112 165 22 20 22 49 93 39 45 41 48 173 0 103 2 102 56 3 181 44 189 84 59 11 144 109 164 75 45 81 16 49 65 34 154 97 45 15 97 64 6 137 71 121 83 14 69 1 17 160 166 47 73 110 181 99 117 187 73 196 156 25 191 119 49 77 34 100 189 161 94 27 166 43 139 158 175 190 132 106 69 96 162 
159 94 69 113 182 61 169 105 0 14 75 3 88 71 30 94 169 113 63 154 170 73 117 32 147 116 30 32 122 103 0 114 75 125 38 141 67 108 60 159 49 86 128 43 60 106 7 62 155 95 45 158 145 7 180 125 123 55 105 179 110 68 86 41 200 184 96 163 30 92 150 6 54 63 172 97 85 193 99 119 99 34 71 115 40 85 133 33 111 49 124 77 59 100 95 54 159 116 63 92 
79 111 145 169 93 75 22 48 113 167 173 177 89 180 66 35 155 73 181 57 35 27 148 110 2 73 157 115 144 2 114 0 56 74 64 29 67 127 75 49 42 107 83 132 172 38 177 30 188 162 179 144 114 50 115 89 108 50 117 189 3 129 106 84 151 128 137 59 168 102 185 194 176 168 16 46 87 144 162 129 180 187 13 60 168 107 53 187 169 79 60 155 173 115 58 69 134 75 29 1 
66 187 29 108 95 22 165 133 135 25 103 144 30 21 46 159 32 53 32 51 25 160 99 178 56 13 133 140 37 102 75 56 0 137 155 197 164 129 164 45 173 25 39 184 143 157 129 89 106 74 131 71 70 113 63 8 21 111 173 75 115 62 155 195 46 63 113 116 155 20 121 129 48 129 105 135 2 29 24 134 115 95 119 77 138 70 28 165 140 103 60 167 138 27 128 95 106 112 19 63 
74 24 150 157 19 91 107 8 199 97 174 132 69 106 38 130 10 167 160 38 10 65 31 180 148 72 3 179 121 56 125 74 137 0 58 77 86 5 127 53 88 102 92 85 182 115 90 50 72 25 167 161 60 172 163 113 3 20 126 183 94 68 0 193 14 21 109 173 95 131 98 197 180 66 38 5 94 173 85 180 135 63 23 138 156 72 4 107 115 30 83 46 188 159 17 54 20 155 85 139 
72 198 121 129 183 182 184 189 155 153 62 127 166 68 18 108 87 132 100 41 45 168 124 115 158 17 135 155 130 3 38 64 155 58 0 14 166 20 140 108 118 51 157 100 20 31 144 172 80 22 198 42 193 103 118 159 153 187 49 31 102 37 112 37 134 36 158 52 164 189 8 23 147 140 46 50 145 47 170 33 180 121 195 101 99 55 185 102 74 90 75 36 46 177 47 138 14 111 12 68 
3 1 0 75 29 113 91 168 50 111 27 171 193 84 16 46 132 49 174 163 68 68 73 126 38 47 141 165 87 181 141 29 197 77 14 0 69 3 159 93 114 146 48 20 14 135 23 114 93 107 168 24 175 107 115 127 142 150 7 119 71 119 182 132 143 75 7 97 139 134 30 10 64 178 84 166 15 173 147 148 157 55 94 100 140 55 129 140 99 92 16 170 199 121 196 47 84 127 46 79 
85 111 131 127 186 87 198 21 133 176 142 120 95 114 36 148 61 37 34 143 184 127 81 99 124 2 56 10 120 44 67 67 164 86 166 69 0 40 171 7 111 51 138 4 23 107 170 137 142 12 58 154 47 47 54 20 192 163 108 76 121 6 99 36 173 167 146 63 21 176 11 151 97 198 175 79 53 30 181 49 126 14 83 172 138 82 193 144 101 150 183 104 25 58 200 131 139 160 133 22 
166 74 126 184 1 171 55 158 69 95 178 68 192 9 181 156 21 103 57 153 191 95 45 175 100 68 131 34 184 189 108 127 129 5 20 3 40 0 163 77 144 67 100 22 54 41 14 35 184 152 150 98 116 149 71 199 200 6 189 58 186 62 35 57 137 105 187 99 126 73 162 25 131 10 79 132 161 29 62 115 176 140 89 68 80 142 61 170 186 172 72 51 1 50 32 59 6 93 187 145 
12 140 1 49 33 119 142 45 57 162 122 197 159 14 166 12 197 199 196 113 145 117 11 115 170 155 152 71 44 84 60 75 164 127 140 159 171 163 0 179 24 2 22 125 85 146 38 28 177 198 3 180 25 25 47 45 124 1 4 15 77 65 30 90 91 113 144 188 130 0 100 22 79 35 101 62 156 46 36 28 53 13 25 177 177 118 1 100 147 17 27 61 76 66 173 23 139 91 68 51 
137 52 103 190 20 104 192 14 146 63 102 117 71 71 146 173 111 21 66 154 116 20 110 39 91 194 26 90 33 59 159 49 45 53 108 93 7 77 179 0 109 68 88 26 44 116 25 48 51 176 71 86 123 160 158 20 21 157 197 192 50 15 108 31 54 60 143 103 113 85 188 57 146 96 167 11 135 2 95 180 133 36 179 145 50 94 110 101 16 51 139 102 162 127 120 196 7 90 39 114 
124 59 198 122 58 35 21 195 100 76 115 15 62 88 35 133 135 90 17 182 67 153 122 39 86 36 164 140 115 11 49 42 173 88 118 114 111 144 24 109 0 150 138 68 84 110 80 80 68 187 140 131 178 193 116 78 133 98 0 40 158 3 164 92 107 112 167 120 8 74 143 36 100 59 35 49 54 64 60 149 89 146 16 183 57 163 125 95 172 132 49 112 192 38 63 91 29 22 14 105 
10 116 12 149 49 192 78 3 69 6 65 75 185 172 79 180 52 157 163 12 18 111 45 131 161 71 70 183 39 144 86 107 25 102 51 146 51 67 2 68 150 0 60 174 163 92 37 96 61 33 116 34 195 183 80 0 153 26 5 140 103 195 170 130 48 146 170 187 87 135 22 183 8 150 25 74 63 181 173 136 124 107 27 189 19 112 98 80 166 11 73 117 63 56 97 131 45 151 162 86 
25 15 115 187 6 97 79 23 123 174 108 69 64 17 133 164 165 22 133 92 180 185 45 29 70 197 77 125 97 109 128 83 39 92 157 48 138 100 22 88 138 60 0 48 21 174 139 191 44 64 132 123 64 142 175 56 191 2 91 70 133 15 147 76 171 50 64 190 85 175 119 39 89 159 2 29 0 102 174 134 14 28 14 130 49 122 51 61 174 94 111 132 61 93 183 197 144 50 180 162 
63 26 23 154 117 121 60 97 191 102 119 168 20 63 2 101 193 184 91 104 147 115 52 160 20 37 1 15 143 164 43 132 184 85 100 20 4 22 125 26 68 174 48 0 150 1 144 3 186 63 70 133 100 5 121 116 120 191 39 70 31 95 129 21 23 93 37 173 98 200 139 176 112 118 177 167 71 125 190 126 62 48 150 126 152 91 88 184 21 68 66 193 113 0 122 181 77 160 0 31 
129 71 78 137 95 81 165 147 191 74 38 164 134 49 101 106 137 50 141 100 98 153 66 185 165 116 81 66 168 75 60 172 143 182 20 14 23 54 85 44 84 163 21 150 0 22 36 91 176 176 142 164 172 88 68 64 62 42 153 146 141 200 90 34 109 13 157 126 153 117 31 15 121 73 189 149 24 102 39 122 12 60 114 28 194 139 92 190 124 63 77 186 76 19 3 69 198 134 64 191 
183 126 170 87 152 161 90 105 83 43 107 133 107 121 139 184 57 74 35 110 196 156 98 103 60 72 10 54 20 45 106 38 157 115 31 135 107 41 146 116 110 92 174 1 22 0 22 153 98 120 30 90 173 122 149 0 179 3 189 9 163 117 57 88 196 9 48 134 87 109 10 183 178 85 79 96 200 97 80 34 141 103 144 87 81 42 194 171 199 184 143 54 113 65 125 14 61 99 168 124 
174 100 26 91 73 109 55 52 109 118 28 163 189 77 122 32 164 111 107 81 121 113 177 196 113 49 63 198 194 81 7 177 129 90 144 23 170 14 38 25 80 37 139 144 36 22 0 61 121 63 46 56 17 36 138 188 109 56 130 101 32 9 74 194 49 83 143 5 173 173 73 15 99 90 148 120 154 191 174 64 114 105 126 105 3 17 199 24 127 4 54 6 53 127 6 145 186 157 18 91 
120 171 23 183 7 90 139 184 87 43 183 99 172 54 111 97 155 46 187 167 140 66 125 130 112 36 36 62 62 16 62 30 89 50 172 114 137 35 28 48 80 96 191 3 91 153 61 0 182 174 133 149 123 194 113 145 89 194 60 128 49 165 126 88 100 131 107 106 76 43 182 86 42 84 102 61 16 37 19 144 143 144 26 99 122 124 148 140 174 7 99 190 82 60 160 108 54 8 131 14 
144 63 159 47 122 57 57 175 197 30 129 175 145 190 42 119 116 98 15 180 116 169 25 9 34 84 60 7 200 49 155 188 106 72 80 93 142 184 177 51 68 61 44 186 176 98 121 182 0 22 118 51 123 173 63 123 155 102 131 75 14 34 86 42 167 0 144 131 48 82 135 134 121 7 42 196 17 99 104 165 155 162 164 62 149 91 154 34 43 84 121 129 123 24 69 131 116 23 124 157 
10 59 70 111 15 128 11 102 125 173 142 197 66 177 112 72 129 56 199 174 147 107 178 172 59 16 2 144 4 65 95 162 74 25 22 107 12 152 198 176 187 33 64 63 176 120 63 174 22 0 6 139 26 158 134 158 137 175 150 105 72 61 85 154 185 66 78 151 69 155 177 133 71 164 135 114 110 11 20 151 19 76 137 57 33 16 15 130 138 196 33 142 138 139 82 128 73 185 65 7 
134 171 195 52 199 79 53 71 113 99 58 128 134 183 138 71 159 15 14 111 141 14 181 167 83 177 81 127 90 34 45 179 131 167 198 168 58 150 3 71 140 116 132 70 142 30 46 133 118 6 0 84 47 146 92 96 32 118 137 46 124 98 164 106 131 15 13 17 181 31 114 27 160 152 30 125 71 125 186 109 172 180 62 61 1 148 60 100 2 107 94 80 19 163 83 49 152 34 162 81 
94 186 27 172 39 22 169 104 39 55 62 127 136 151 175 97 200 104 187 131 180 22 68 53 171 8 150 44 125 154 158 144 71 161 42 24 154 98 180 86 131 34 123 133 164 90 56 149 51 139 84 0 142 77 8 89 158 194 95 79 28 42 89 114 193 78 31 188 199 160 54 52 187 67 139 107 132 33 146 47 58 141 179 49 116 53 178 19 62 53 61 174 115 190 121 43 91 169 92 162 
101 154 28 143 11 66 67 156 154 70 71 167 106 148 158 188 77 35 40 178 98 127 94 8 143 169 8 4 123 97 145 114 70 60 193 175 47 116 25 123 178 195 64 100 172 173 17 123 123 26 47 142 0 82 64 106 105 130 62 197 16 94 68 29 161 106 68 161 3 67 33 10 59 104 84 47 83 101 83 70 2 55 90 86 200 96 147 145 95 118 60 76 194 123 147 22 12 12 45 118 
181 143 109 53 178 156 38 153 198 183 97 149 165 87 157 140 5 12 110 31 107 39 187 144 44 196 152 76 117 45 7 50 113 172 103 107 47 149 25 160 193 183 142 5 88 122 36 194 173 158 146 77 82 0 81 32 61 159 171 159 187 27 141 147 115 158 98 62 53 57 136 106 184 139 123 114 4 61 103 165 110 84 2 119 5 159 70 136 4 109 45 12 26 104 34 164 174 125 185 163 
71 160 76 126 84 49 177 99 124 102 75 72 175 156 61 116 175 170 169 15 140 180 129 24 92 6 74 170 84 15 180 115 63 163 118 115 54 71 47 158 116 80 175 121 68 149 138 113 63 134 92 8 64 81 0 69 155 23 62 70 182 18 167 60 87 95 40 43 83 172 174 56 50 39 32 58 192 141 86 145 75 58 88 182 6 92 100 92 116 35 91 2 98 154 77 37 143 64 171 115 
177 198 54 55 107 99 173 25 178 56 119 76 97 188 165 35 89 159 32 161 195 89 80 27 99 141 152 133 194 97 125 89 8 113 159 127 20 199 45 20 78 0 56 116 64 0 188 145 123 158 96 89 106 32 69 0 34 42 21 194 101 136 158 114 48 73 78 20 66 191 198 111 76 180 153 165 23 22 72 163 64 71 97 4 194 159 58 108 55 192 38 129 156 156 198 148 49 173 162 142 
91 58 158 126 168 67 54 87 50 29 75 197 113 197 142 189 67 167 124 117 135 166 101 162 85 35 14 81 45 64 123 108 21 3 153 142 192 200 124 21 133 153 191 120 62 179 109 89 155 137 32 158 105 61 155 34 0 82 98 145 12 53 157 174 193 46 122 163 50 111 138 91 118 140 86 63 144 68 38 68 144 149 170 71 54 158 169 142 176 52 146 199 21 98 16 166 73 142 67 111 
26 157 97 84 9 154 159 183 177 116 44 63 84 30 77 150 67 147 22 16 179 147 110 84 115 137 3 180 53 6 55 50 111 20 187 150 163 6 1 157 98 26 2 191 42 3 56 194 102 175 118 194 130 159 23 42 82 0 149 3 162 49 145 197 102 128 25 64 190 183 62 142 89 90 15 147 106 98 50 86 23 31 102 150 9 43 13 104 180 101 19 102 66 25 17 76 102 20 119 38 
169 11 40 6 91 16 156 20 39 116 12 148 47 131 96 140 113 175 80 45 94 182 104 78 158 111 186 71 20 137 105 117 173 126 49 7 108 189 4 197 0 5 91 39 153 189 130 60 131 150 137 95 62 171 62 21 98 149 0 186 194 102 32 110 18 99 132 4 72 12 110 122 131 55 184 110 131 149 193 83 163 29 40 13 118 148 16 66 181 188 0 32 136 4 11 80 81 93 0 116 
160 128 10 15 156 89 115 25 107 22 200 64 99 57 30 37 134 181 78 31 16 1 134 34 63 199 23 162 58 71 179 189 75 183 31 119 76 58 15 192 40 140 70 70 146 9 101 128 75 105 46 79 197 159 70 194 145 3 186 0 135 200 38 10 120 128 142 161 37 60 177 179 106 177 32 178 85 136 144 58 130 148 15 105 73 58 53 0 112 1 105 58 124 155 107 12 13 4 145 192 
51 31 196 89 0 157 10 155 120 74 175 153 192 179 171 142 2 173 16 33 107 36 200 54 114 135 16 33 74 121 110 3 115 94 102 71 121 186 77 50 158 103 133 31 141 163 32 49 14 72 124 28 16 187 182 101 12 162 194 135 0 13 165 1 195 122 176 21 194 34 46 68 112 30 61 55 36 197 51 0 177 170 185 151 34 177 94 153 3 150 69 131 13 131 130 66 124 126 119 68 
53 165 119 177 27 89 166 181 16 55 137 32 96 112 75 64 122 26 81 77 18 46 59 139 44 150 91 89 160 83 68 129 62 68 37 119 6 62 65 15 3 195 15 95 200 117 9 165 34 61 98 42 94 27 18 136 53 49 102 200 13 0 161 195 178 149 46 40 169 165 149 120 73 11 82 147 30 78 37 155 190 162 75 148 50 54 193 97 25 2 186 67 96 18 92 57 3 9 9 184 
144 149 108 188 51 150 36 88 129 132 118 82 121 52 4 31 123 51 95 67 79 101 148 56 88 155 140 9 133 14 86 106 155 0 112 182 99 35 30 108 164 170 147 129 90 57 74 126 86 85 164 89 68 141 167 158 157 145 32 38 165 161 0 106 28 65 154 33 11 114 5 142 106 142 33 13 195 139 88 161 39 117 1 153 118 167 142 21 50 93 126 137 189 183 139 45 88 191 178 86 
105 132 36 41 134 8 73 102 181 116 120 156 184 8 86 47 167 79 96 100 171 34 88 154 136 72 67 82 2 69 41 84 195 193 37 132 36 57 90 31 92 130 76 21 34 88 194 88 42 154 106 114 29 147 60 114 174 197 110 10 1 195 106 0 25 58 176 94 162 39 148 3 66 25 176 186 175 86 159 0 172 96 10 174 8 91 91 63 6 89 98 32 192 111 40 112 62 71 94 17 
31 43 71 15 70 34 147 55 46 68 98 144 58 26 160 59 144 48 20 142 8 8 158 15 200 176 100 67 130 1 200 151 46 14 134 143 173 137 91 54 107 48 171 23 109 196 49 100 167 185 131 193 161 115 87 48 193 102 18 120 195 178 28 25 0 89 199 136 130 15 189 96 3 83 173 2 46 26 162 16 159 129 119 161 155 32 141 66 128 138 46 176 118 168 183 66 156 39 175 189 
69 140 109 83 136 171 40 39 98 174 146 3 22 18 10 1 149 162 95 0 18 60 84 47 150 121 180 36 53 17 184 128 63 21 36 75 167 105 113 60 112 146 50 93 13 9 83 131 0 66 15 78 106 158 95 73 46 128 99 128 122 149 65 58 89 0 44 39 46 182 138 100 134 181 2 185 110 118 127 139 72 6 106 79 116 90 123 46 189 160 69 20 145 1 36 196 107 76 186 134 
25 112 137 5 181 177 68 106 194 61 145 122 190 185 63 140 38 62 102 102 144 132 67 93 148 64 99 84 19 160 96 137 113 109 158 7 146 187 144 143 167 170 64 37 157 48 143 107 144 78 13 31 68 98 40 78 122 25 132 142 176 46 154 176 199 44 0 81 142 20 103 185 141 24 2 46 80 85 117 171 97 95 105 108 126 111 191 85 62 58 117 64 98 142 84 44 191 5 163 66 
147 92 51 9 52 70 168 41 139 142 128 188 192 67 166 102 140 53 2 178 9 195 106 190 193 74 105 181 142 166 163 59 116 173 52 97 63 99 188 103 120 187 190 173 126 134 5 106 131 151 17 188 161 62 43 20 163 64 4 161 21 40 33 94 136 39 81 0 16 114 143 102 167 54 125 89 29 114 33 2 36 49 143 164 103 120 58 178 166 45 61 142 39 154 10 119 89 18 29 174 
57 112 12 120 60 15 94 57 172 191 88 64 14 193 37 199 42 120 153 100 180 52 9 18 126 105 13 164 8 47 30 168 155 95 164 139 21 126 130 113 8 87 85 98 153 87 173 76 48 69 181 199 3 53 83 66 50 190 72 37 194 169 11 162 130 46 142 16 0 52 63 41 22 144 1 41 86 94 87 178 136 147 3 119 185 45 157 44 64 31 72 21 113 62 58 79 127 199 61 24 
125 198 130 200 162 24 112 99 22 99 177 40 195 189 141 17 66 68 61 195 109 157 5 154 157 155 169 197 10 73 92 102 20 131 189 134 176 73 0 85 74 135 175 200 117 109 173 43 82 155 31 160 67 57 172 191 111 183 12 60 34 165 114 39 15 182 20 114 52 0 76 179 180 82 134 33 100 28 56 200 180 113 119 95 156 20 24 156 60 135 53 4 3 17 80 21 85 140 138 93 
44 54 147 185 7 20 125 195 16 87 116 137 54 196 90 162 98 15 71 125 37 161 1 17 71 192 125 127 134 110 150 185 121 98 8 30 11 162 100 188 143 22 119 139 31 10 73 182 135 177 114 54 33 136 174 198 138 62 110 177 46 149 5 148 189 138 103 143 63 76 0 95 200 58 12 198 13 170 111 63 21 199 138 54 112 137 52 148 125 96 7 191 190 140 51 67 14 43 129 144 
57 123 40 12 45 176 150 116 122 31 51 84 48 8 21 193 149 175 97 76 162 183 157 110 78 40 161 148 21 181 6 194 129 197 23 10 151 25 22 57 36 183 39 176 15 183 15 86 134 133 27 52 10 106 56 111 91 142 122 179 68 120 142 3 96 100 185 102 41 179 95 0 41 63 120 69 183 81 198 173 92 12 33 22 12 130 79 13 27 17 198 134 18 108 16 73 140 173 86 70 
170 175 58 65 131 30 143 185 196 63 52 60 188 44 60 60 23 160 100 88 117 116 27 190 61 9 14 157 122 99 54 176 48 180 147 64 97 131 79 146 100 8 89 112 121 178 99 42 121 71 160 187 59 184 50 76 118 89 131 106 112 73 106 66 3 134 141 167 22 180 200 41 0 183 7 106 119 67 156 146 22 175 192 138 113 50 140 44 99 14 80 76 139 103 132 152 56 67 103 14 
98 174 138 148 5 58 58 45 111 142 14 61 63 141 171 189 105 5 71 158 130 79 172 1 29 30 0 47 54 117 63 168 129 66 140 178 198 10 35 96 59 150 159 118 73 85 90 84 7 164 152 67 104 139 39 180 140 90 55 177 30 11 142 25 83 181 24 54 144 82 58 63 183 0 130 101 39 198 157 171 66 142 100 131 164 84 183 63 102 44 110 69 58 18 123 172 7 101 81 24 
82 106 59 155 127 22 18 177 105 157 31 173 59 38 23 104 31 128 113 186 90 200 120 105 138 48 122 48 104 187 172 16 105 38 46 84 175 79 101 167 35 25 2 177 189 79 148 102 42 135 30 139 84 123 32 153 86 15 184 32 61 82 33 176 173 2 2 125 1 134 12 120 7 130 0 154 16 57 116 80 156 61 88 29 17 47 169 51 45 42 88 180 114 181 80 22 192 172 25 10 
103 55 66 18 106 94 172 37 120 154 106 47 80 116 89 23 44 39 43 102 84 0 9 65 78 16 128 197 114 73 97 46 135 5 50 166 79 132 62 11 49 74 29 167 149 96 120 61 196 114 125 107 47 114 58 165 63 147 110 178 55 147 13 186 2 185 46 89 41 33 198 69 106 101 154 0 79 73 129 77 161 172 139 81 140 57 24 81 36 166 41 162 140 146 186 126 163 186 121 42 
153 25 129 31 164 55 3 184 80 183 67 127 78 76 96 160 16 0 150 190 23 132 64 35 32 22 29 100 136 196 85 87 2 94 145 15 53 161 156 135 54 63 0 71 24 200 154 16 17 110 71 132 83 4 192 23 144 106 131 85 36 30 195 175 46 110 80 29 86 100 13 183 119 39 16 79 0 185 112 152 51 79 77 29 169 4 50 196 99 159 63 181 9 8 114 101 11 165 79 67 
47 73 59 70 1 30 129 82 193 169 172 174 192 117 12 118 161 55 134 24 58 197 28 177 120 63 105 182 5 156 193 144 29 173 47 173 30 29 46 2 64 181 102 125 102 97 191 37 99 11 125 33 101 61 141 22 68 98 149 136 197 78 139 86 26 118 85 114 94 28 170 81 67 198 57 73 185 0 119 55 133 25 135 110 115 64 59 183 33 100 142 89 61 173 132 86 196 11 196 139 
194 115 109 24 14 61 121 9 191 140 64 98 35 121 26 148 54 131 163 14 58 44 196 105 62 90 121 102 167 25 99 162 24 85 170 147 181 62 36 95 60 173 174 190 39 80 174 19 104 20 186 146 83 103 86 72 38 50 193 144 51 37 88 159 162 127 117 33 87 56 111 198 156 157 116 129 112 119 0 131 72 72 172 171 157 174 66 158 137 84 77 69 54 110 20 130 150 150 10 98 
31 90 94 79 171 172 113 55 179 140 66 26 33 139 30 148 90 171 35 151 21 161 196 148 48 59 191 84 106 191 119 129 134 180 33 148 49 115 28 180 149 136 134 126 122 34 64 144 165 151 109 47 70 165 145 163 68 86 83 58 0 155 161 0 16 139 171 2 178 200 63 173 146 171 80 77 152 55 131 0 63 177 163 145 35 37 182 30 111 25 59 199 154 84 139 35 76 83 146 59 
17 168 73 30 143 110 159 8 104 26 132 107 191 56 8 26 81 7 115 8 193 187 200 127 189 73 58 142 146 119 99 180 115 135 180 157 126 176 53 133 89 124 14 62 12 141 114 143 155 19 172 58 2 110 75 64 144 23 163 130 177 190 39 172 159 72 97 36 136 180 21 92 22 66 156 161 51 133 72 63 0 82 127 136 172 102 54 43 143 55 40 127 193 176 134 93 148 196 118 65 
82 155 196 129 157 158 182 82 123 182 140 72 3 65 22 136 187 2 95 115 65 15 100 181 55 146 126 107 198 49 34 187 95 63 121 55 14 140 13 36 146 107 28 48 60 103 105 144 162 76 180 141 55 84 58 71 149 31 29 148 170 162 117 96 129 6 95 49 147 113 199 12 175 142 61 172 79 25 72 177 82 0 121 152 20 35 84 168 1 117 126 147 138 150 80 153 176 168 107 113 
73 10 35 101 84 190 194 139 21 178 44 44 102 54 197 25 32 51 46 127 11 135 174 96 192 67 165 177 108 77 71 13 119 23 195 94 83 89 25 179 16 27 14 150 114 144 126 26 164 137 62 179 90 2 88 97 170 102 40 15 185 75 1 10 119 106 105 143 3 119 138 33 192 100 88 139 77 135 172 163 127 121 0 29 79 173 6 191 10 91 148 172 166 64 150 47 25 131 26 180 
8 62 91 6 133 52 99 50 87 46 102 84 87 47 21 47 9 117 112 49 72 130 185 110 194 91 154 19 114 34 115 60 77 138 101 100 172 68 177 145 183 189 130 126 28 87 105 99 62 57 61 49 86 119 182 4 71 150 13 105 151 148 153 174 161 79 108 164 119 95 54 22 138 131 29 81 29 110 171 145 136 152 29 0 64 103 200 86 148 178 44 54 1 24 150 38 76 13 132 67 
21 57 134 96 122 27 67 47 79 130 113 5 100 192 15 75 0 39 122 49 32 135 186 124 56 187 27 155 141 100 40 168 138 156 99 140 138 80 177 50 57 19 49 152 194 81 3 122 149 33 1 116 200 5 6 194 54 9 118 73 34 50 118 8 155 116 126 103 185 156 112 12 113 164 17 140 169 115 157 35 172 20 79 64 0 15 78 172 65 94 157 3 58 81 176 39 61 73 71 168 
9 52 68 65 138 155 71 149 63 138 39 185 125 70 148 66 35 189 71 153 83 12 63 99 86 75 70 69 57 189 85 107 70 72 55 55 82 142 118 94 163 112 122 91 139 42 17 124 91 16 148 53 96 159 92 159 158 43 148 58 177 54 167 91 32 90 111 120 45 20 137 130 50 84 47 57 4 64 174 37 102 35 173 103 15 0 4 132 24 91 74 165 27 77 110 198 146 198 171 131 
35 97 160 104 116 70 125 138 40 49 26 62 27 181 44 47 162 71 57 200 188 114 186 63 48 164 162 178 150 161 133 53 28 4 185 129 193 61 1 110 125 98 51 88 92 194 199 148 154 15 60 178 147 70 100 58 169 13 16 53 94 193 142 91 141 123 191 58 157 24 52 79 140 183 169 24 50 59 66 182 54 84 6 200 78 4 0 17 196 37 200 142 172 26 148 35 54 127 146 145 
182 31 121 13 56 141 31 177 91 105 141 37 16 80 196 25 54 192 133 5 161 16 47 102 105 126 22 10 91 94 33 187 165 107 102 140 144 170 100 101 95 80 61 184 190 171 24 140 34 130 100 19 145 136 92 108 142 104 66 0 153 97 21 63 66 46 85 178 44 156 148 13 44 63 51 81 196 183 158 30 43 168 191 86 172 132 17 0 20 35 10 114 195 25 141 37 169 132 186 187 
179 63 168 185 69 25 154 99 52 145 95 171 10 185 95 149 53 120 62 150 5 38 1 108 159 105 157 83 105 27 111 169 140 115 74 99 101 186 147 16 172 166 174 21 124 199 127 174 43 138 2 62 95 4 116 55 176 180 181 112 3 25 50 6 128 189 62 166 64 60 125 27 99 102 45 36 99 33 137 111 143 1 10 148 65 24 196 20 0 179 43 134 166 6 140 59 200 31 44 130 
24 73 160 87 80 175 75 194 151 30 100 4 171 51 22 111 97 85 77 181 171 68 84 73 26 162 113 181 37 166 49 79 103 30 90 92 150 172 17 51 132 11 94 68 63 184 4 7 84 196 107 53 118 109 35 192 52 101 188 1 150 2 93 89 138 160 58 45 31 135 96 17 14 44 42 166 159 100 84 25 55 117 91 178 94 91 37 35 179 0 14 19 169 104 175 2 10 95 196 176 
42 31 153 13 156 20 150 62 157 94 162 107 112 34 192 189 181 126 38 32 186 27 52 37 191 20 183 152 148 43 124 60 60 83 75 16 183 72 27 139 49 73 111 66 77 143 54 99 121 33 94 61 60 45 91 38 146 19 0 105 69 186 126 98 46 69 117 61 72 53 7 198 80 110 88 41 63 142 77 59 40 126 148 44 157 74 200 10 43 14 0 101 67 189 116 160 75 87 20 144 
82 125 0 46 176 46 108 63 200 41 189 25 189 96 59 84 122 189 154 174 123 141 132 11 75 57 184 153 144 139 77 155 167 46 36 170 104 51 61 102 112 117 132 193 186 54 6 190 129 142 80 174 76 12 2 129 199 102 32 58 131 67 137 32 176 20 64 142 21 4 191 134 76 69 180 162 181 89 69 199 127 147 172 54 3 165 142 114 134 19 101 0 180 144 9 0 178 146 24 109 
190 174 174 177 13 130 98 42 51 59 93 187 161 73 61 151 126 99 54 117 68 175 55 97 63 126 127 6 2 158 59 173 138 188 46 199 25 1 76 162 192 63 61 113 76 113 53 82 123 138 19 115 194 26 98 156 21 66 136 124 13 96 189 192 118 145 98 39 113 3 190 18 139 58 114 140 9 61 54 154 193 138 166 1 58 27 172 195 166 169 67 180 0 22 84 78 173 141 157 199 
166 154 92 63 142 177 63 75 126 46 22 145 124 134 73 161 154 149 100 126 148 134 28 65 108 28 175 83 39 175 100 115 27 159 177 121 58 50 66 127 38 56 93 0 19 65 127 60 24 139 163 190 123 104 154 156 98 25 4 155 131 18 183 111 168 1 142 154 62 17 140 108 103 18 181 146 8 173 110 84 176 150 64 24 81 77 26 25 6 104 189 144 22 0 125 160 61 54 82 117 
116 100 82 16 70 56 82 121 63 1 1 135 16 34 158 114 115 44 16 86 200 9 123 8 97 49 167 128 195 190 95 58 128 17 47 196 200 32 173 120 63 97 183 122 3 125 6 160 69 82 83 121 147 34 77 198 16 17 11 107 130 92 139 40 183 36 84 10 58 80 51 16 132 123 80 186 114 132 20 139 134 80 150 150 176 110 148 141 140 175 116 9 84 125 0 166 115 91 15 24 
113 113 152 56 114 3 34 25 128 132 89 127 59 190 107 33 78 99 146 111 19 60 35 99 157 38 79 9 54 132 54 69 95 54 138 47 131 59 23 196 91 131 197 181 69 14 145 108 131 128 49 43 22 164 37 148 166 76 80 12 66 57 45 112 66 196 44 119 79 21 67 73 152 172 22 126 101 86 130 35 93 153 47 38 39 198 35 37 59 2 160 0 78 160 166 0 185 89 89 61 
73 145 184 123 16 180 103 66 53 164 33 103 64 160 102 186 167 72 116 16 7 178 146 35 82 90 42 141 187 106 159 134 106 20 14 84 139 6 139 7 29 45 144 77 198 61 186 54 116 73 152 91 12 174 143 49 73 102 81 13 124 3 88 62 156 107 191 89 127 85 14 140 56 7 192 163 11 196 150 76 148 176 25 76 61 146 54 169 200 10 75 178 173 61 115 185 0 30 172 57 
42 93 136 9 73 3 194 195 104 91 147 9 48 179 73 50 194 55 0 6 24 50 99 30 46 107 186 195 16 69 116 75 112 155 111 127 160 93 91 90 22 151 50 160 134 99 157 8 23 185 34 169 12 125 64 173 142 20 93 4 126 9 191 71 39 76 5 18 199 140 43 173 67 101 172 186 165 11 150 83 196 168 131 13 73 198 127 132 31 95 87 146 141 54 91 89 30 0 98 62 
125 96 152 67 12 107 190 99 13 39 132 65 195 160 112 27 116 121 77 157 149 184 84 32 45 42 16 4 151 96 63 29 19 85 12 46 133 187 68 39 14 162 180 0 64 168 18 131 124 65 162 92 45 185 171 162 67 119 0 145 119 9 178 94 175 186 163 29 61 138 129 86 103 81 25 121 79 196 10 146 118 107 26 132 71 171 146 186 44 196 20 24 157 82 15 89 172 98 0 128 
56 191 87 200 187 83 108 40 88 168 163 163 138 165 25 8 89 131 22 139 54 185 99 124 189 131 29 141 156 162 92 1 63 139 68 79 22 145 51 114 105 86 162 31 191 124 91 14 157 7 81 162 118 163 115 142 111 38 116 192 68 184 86 17 189 134 66 174 24 93 144 70 14 24 10 42 67 139 98 59 65 113 180 67 168 131 145 187 130 176 144 109 199 117 24 61 57 62 128 0 
