2 5
50
693 602 241 391 955 453 283 698 361 161 885 573 34 710 357 815 811 18 892 988 813 920 181 23 358 231 992 551 601 828 176 850 147 567 351 663 215 211 651 802 271 588 159 888 145 207 961 347 998 779
5
10 4 46 38 12 13 44 34 27 49 40
2 41 9
1 4
8 8 50 9 10 24 14 39 13
1 17
0 123 42 190 120 20 120 55 6 193 198 31 170 42 13 196 155 157 124 17 107 138 41 44 1 13 6 142 153 62 161 148 44 175 71 122 123 125 36 155 60 70 104 10 51 156 184 109 111 96 
123 0 98 177 18 67 131 11 10 133 34 3 128 162 115 75 100 112 159 111 34 56 76 102 33 70 26 193 156 187 158 76 116 199 80 101 15 1 137 183 20 124 79 164 92 103 167 73 40 68 
42 98 0 181 147 125 39 33 21 83 39 27 52 6 171 89 153 3 103 67 188 82 151 103 87 14 86 184 122 30 186 67 4 0 38 124 194 111 35 16 101 195 177 101 114 19 108 176 53 174 
190 177 181 0 54 197 195 108 75 97 33 123 12 21 95 130 149 164 67 64 67 40 178 99 6 108 70 75 91 93 187 131 137 85 26 26 181 84 184 26 8 49 100 40 121 33 17 60 90 122 
120 18 147 54 0 31 108 108 35 93 51 3 78 110 63 88 136 147 71 157 133 158 1 6 168 1 103 168 180 92 5 148 188 64 181 165 111 7 66 3 151 163 117 27 103 103 42 124 60 144 
20 67 125 197 31 0 161 153 80 139 25 198 110 64 154 152 57 62 5 183 0 163 153 25 116 60 6 55 53 124 83 61 118 15 170 124 51 63 181 198 111 146 32 122 64 123 185 72 168 152 
120 131 39 195 108 161 0 144 166 10 39 77 194 49 108 53 96 85 23 72 67 32 104 152 60 9 10 160 154 62 11 36 152 149 79 64 189 198 67 175 41 105 113 65 88 71 145 158 164 6 
55 11 33 108 108 153 144 0 97 82 36 151 70 156 199 1 95 147 150 60 46 31 99 59 168 67 116 100 109 115 3 196 65 174 170 10 110 1 4 142 166 174 99 155 163 14 138 27 13 130 
6 10 21 75 35 80 166 97 0 118 137 133 145 120 29 136 56 174 44 37 134 68 140 2 158 91 79 137 99 166 68 17 39 189 58 173 78 51 43 8 28 105 154 107 173 64 32 128 142 71 
193 133 83 97 93 139 10 82 118 0 160 165 164 126 123 140 31 32 171 44 46 77 55 81 4 14 94 45 87 90 53 148 23 169 153 143 126 167 27 90 65 22 137 120 29 141 128 143 14 179 
198 34 39 33 51 25 39 36 137 160 0 65 66 87 18 199 53 119 21 140 112 170 197 13 53 167 13 22 157 45 154 34 73 134 116 65 52 95 142 135 180 163 158 67 25 87 36 104 139 18 
31 3 27 123 3 198 77 151 133 165 65 0 122 32 193 194 138 195 117 32 90 144 141 98 162 3 169 41 109 89 192 27 91 58 118 170 105 110 188 179 117 177 23 86 78 197 159 94 101 43 
170 128 52 12 78 110 194 70 145 164 66 122 0 152 161 126 6 94 188 188 69 130 45 36 168 120 122 76 20 139 108 131 18 126 100 194 50 133 61 187 180 145 124 127 54 63 149 147 74 90 
42 162 6 21 110 64 49 156 120 126 87 32 152 0 26 83 84 173 138 7 153 93 19 82 127 103 45 92 95 29 2 145 179 138 186 81 161 177 94 88 21 93 53 119 127 86 70 94 51 139 
13 115 171 95 63 154 108 199 29 123 18 193 161 26 0 79 143 5 42 64 66 148 127 19 147 174 55 52 36 0 27 56 70 71 126 157 123 56 159 100 55 156 42 47 61 58 193 198 99 98 
196 75 89 130 88 152 53 1 136 140 199 194 126 83 79 0 18 87 155 158 162 108 129 166 178 79 69 78 170 178 159 198 115 156 12 85 110 104 163 99 190 116 1 166 196 194 0 186 11 83 
155 100 153 149 136 57 96 95 56 31 53 138 6 84 143 18 0 64 44 156 6 117 146 69 102 68 189 153 119 161 16 112 16 159 93 138 25 74 186 116 186 159 28 52 21 83 129 156 92 29 
157 112 3 164 147 62 85 147 174 32 119 195 94 173 5 87 64 0 83 95 92 172 153 176 163 35 105 113 151 18 7 159 148 5 97 52 139 118 131 36 136 67 36 140 146 156 94 8 162 147 
124 159 103 67 71 5 23 150 44 171 21 117 188 138 42 155 44 83 0 181 30 40 181 76 31 44 132 45 84 187 123 51 12 159 54 52 182 123 19 71 185 181 107 101 68 66 4 61 40 161 
17 111 67 64 157 183 72 60 37 44 140 32 188 7 64 158 156 95 181 0 169 198 24 36 161 167 29 177 87 191 81 16 130 113 73 99 35 114 155 25 130 90 34 23 157 164 76 192 161 128 
107 34 188 67 133 0 67 46 134 46 112 90 69 153 66 162 6 92 30 169 0 192 33 31 56 44 29 93 76 55 154 123 40 128 193 193 25 67 114 34 102 114 181 125 180 88 198 39 199 55 
138 56 82 40 158 163 32 31 68 77 170 144 130 93 148 108 117 172 40 198 192 0 154 182 131 143 170 43 149 179 187 119 6 9 148 37 178 36 150 161 67 40 48 198 93 19 36 54 50 179 
41 76 151 178 1 153 104 99 140 55 197 141 45 19 127 129 146 153 181 24 33 154 0 157 144 187 115 115 200 66 23 144 57 162 166 178 37 88 17 165 142 14 61 49 83 188 121 115 159 195 
44 102 103 99 6 25 152 59 2 81 13 98 36 82 19 166 69 176 76 36 31 182 157 0 70 108 72 98 141 144 151 25 73 129 14 110 200 144 106 17 84 24 126 69 166 59 94 66 188 64 
1 33 87 6 168 116 60 168 158 4 53 162 168 127 147 178 102 163 31 161 56 131 144 70 0 97 69 108 82 65 200 92 147 183 133 196 196 113 14 88 151 114 167 67 146 83 28 50 77 74 
13 70 14 108 1 60 9 67 91 14 167 3 120 103 174 79 68 35 44 167 44 143 187 108 97 0 129 171 90 55 38 172 114 114 97 51 17 26 22 181 100 154 152 115 114 33 30 186 179 6 
6 26 86 70 103 6 10 116 79 94 13 169 122 45 55 69 189 105 132 29 29 170 115 72 69 129 0 55 16 50 89 2 165 168 62 67 50 112 188 168 144 125 186 8 44 107 157 121 113 53 
142 193 184 75 168 55 160 100 137 45 22 41 76 92 52 78 153 113 45 177 93 43 115 98 108 171 55 0 41 158 92 197 163 87 124 125 19 23 137 29 4 115 123 159 166 69 186 82 138 110 
153 156 122 91 180 53 154 109 99 87 157 109 20 95 36 170 119 151 84 87 76 149 200 141 82 90 16 41 0 18 188 9 171 110 43 33 104 112 84 68 16 133 165 144 17 176 153 135 187 62 
62 187 30 93 92 124 62 115 166 90 45 89 139 29 0 178 161 18 187 191 55 179 66 144 65 55 50 158 18 0 131 64 164 9 58 166 162 136 133 54 7 57 105 16 153 6 163 27 99 15 
161 158 186 187 5 83 11 3 68 53 154 192 108 2 27 159 16 7 123 81 154 187 23 151 200 38 89 92 188 131 0 156 191 186 157 16 126 150 58 58 6 14 170 43 166 77 63 41 16 199 
148 76 67 131 148 61 36 196 17 148 34 27 131 145 56 198 112 159 51 16 123 119 144 25 92 172 2 197 9 64 156 0 139 189 132 19 136 46 132 131 34 8 31 145 15 87 21 130 24 122 
44 116 4 137 188 118 152 65 39 23 73 91 18 179 70 115 16 148 12 130 40 6 57 73 147 114 165 163 171 164 191 139 0 8 104 40 145 154 85 159 147 150 125 14 58 130 12 176 12 50 
175 199 0 85 64 15 149 174 189 169 134 58 126 138 71 156 159 5 159 113 128 9 162 129 183 114 168 87 110 9 186 189 8 0 97 74 141 180 133 148 32 72 56 186 41 52 84 40 129 46 
71 80 38 26 181 170 79 170 58 153 116 118 100 186 126 12 93 97 54 73 193 148 166 14 133 97 62 124 43 58 157 132 104 97 0 184 143 45 45 46 4 0 195 46 1 45 82 85 121 98 
122 101 124 26 165 124 64 10 173 143 65 170 194 81 157 85 138 52 52 99 193 37 178 110 196 51 67 125 33 166 16 19 40 74 184 0 5 125 27 128 135 28 124 186 98 112 196 123 161 120 
123 15 194 181 111 51 189 110 78 126 52 105 50 161 123 110 25 139 182 35 25 178 37 200 196 17 50 19 104 162 126 136 145 141 143 5 0 183 7 134 199 112 144 184 149 175 65 105 67 17 
125 1 111 84 7 63 198 1 51 167 95 110 133 177 56 104 74 118 123 114 67 36 88 144 113 26 112 23 112 136 150 46 154 180 45 125 183 0 165 153 55 105 184 74 177 66 32 70 21 99 
36 137 35 184 66 181 67 4 43 27 142 188 61 94 159 163 186 131 19 155 114 150 17 106 14 22 188 137 84 133 58 132 85 133 45 27 7 165 0 91 111 126 114 7 186 192 43 19 104 98 
155 183 16 26 3 198 175 142 8 90 135 179 187 88 100 99 116 36 71 25 34 161 165 17 88 181 168 29 68 54 58 131 159 148 46 128 134 153 91 0 81 197 45 63 193 92 115 134 82 126 
60 20 101 8 151 111 41 166 28 65 180 117 180 21 55 190 186 136 185 130 102 67 142 84 151 100 144 4 16 7 6 34 147 32 4 135 199 55 111 81 0 189 153 123 194 195 24 15 145 155 
70 124 195 49 163 146 105 174 105 22 163 177 145 93 156 116 159 67 181 90 114 40 14 24 114 154 125 115 133 57 14 8 150 72 0 28 112 105 126 197 189 0 59 130 133 82 174 160 126 26 
104 79 177 100 117 32 113 99 154 137 158 23 124 53 42 1 28 36 107 34 181 48 61 126 167 152 186 123 165 105 170 31 125 56 195 124 144 184 114 45 153 59 0 145 177 155 115 76 75 83 
10 164 101 40 27 122 65 155 107 120 67 86 127 119 47 166 52 140 101 23 125 198 49 69 67 115 8 159 144 16 43 145 14 186 46 186 184 74 7 63 123 130 145 0 54 160 185 37 118 111 
51 92 114 121 103 64 88 163 173 29 25 78 54 127 61 196 21 146 68 157 180 93 83 166 146 114 44 166 17 153 166 15 58 41 1 98 149 177 186 193 194 133 177 54 0 172 8 144 11 78 
156 103 19 33 103 123 71 14 64 141 87 197 63 86 58 194 83 156 66 164 88 19 188 59 83 33 107 69 176 6 77 87 130 52 45 112 175 66 192 92 195 82 155 160 172 0 69 150 141 18 
184 167 108 17 42 185 145 138 32 128 36 159 149 70 193 0 129 94 4 76 198 36 121 94 28 30 157 186 153 163 63 21 12 84 82 196 65 32 43 115 24 174 115 185 8 69 0 136 97 197 
109 73 176 60 124 72 158 27 128 143 104 94 147 94 198 186 156 8 61 192 39 54 115 66 50 186 121 82 135 27 41 130 176 40 85 123 105 70 19 134 15 160 76 37 144 150 136 0 178 52 
111 40 53 90 60 168 164 13 142 14 139 101 74 51 99 11 92 162 40 161 199 50 159 188 77 179 113 138 187 99 16 24 12 129 121 161 67 21 104 82 145 126 75 118 11 141 97 178 0 58 
96 68 174 122 144 152 6 130 71 179 18 43 90 139 98 83 29 147 161 128 55 179 195 64 74 6 53 110 62 15 199 122 50 46 98 120 17 99 98 126 155 26 83 111 78 18 197 52 58 0 
